2020-04-22 13:51:16.002157          
2020-04-22 13:51:16.002215          Starting application...
2020-04-22 13:51:16.051234          enable Dock Channels
2020-04-22 13:51:51.551437          VDM board detected: ADVDM Enabled
2020-04-22 13:51:51.551462          Setup ADVDM
2020-04-22 13:51:51.551470          Wait for CC connection
2020-04-22 13:51:51.551476          PD Contract established
2020-04-22 13:51:51.551482          Send Force DFU ADVDM
2020-04-22 13:51:51.551487          ADVDM sent
2020-04-22 13:51:51.653215           3 sendVDO[0] whichPair(0) whichTarget(6) ADVdmSignal_Action
2020-04-22 13:51:51.653240          DFU Entered
2020-04-22 13:51:51.653248          disable_advdm
2020-04-22 13:52:03.041206          
2020-04-22 13:52:03.041231          Starting application...
2020-04-22 13:52:03.091492          enable Dock Channels
2020-04-22 13:52:06.650179          VDM board detected: ADVDM Enabled
2020-04-22 13:52:06.650207          New PD Contract established!
2020-04-22 13:52:06.650215          Setup ADVDM
2020-04-22 13:52:06.650221          Wait for CC connection
2020-04-22 13:52:06.650227          PD Contract established
2020-04-22 13:52:06.650233          disable Dock Channels
2020-04-22 13:52:06.650238          ADVDM sent
2020-04-22 13:52:06.699951          Plug Orientation: 1 usbMisType: 1 usbDbgType: 0 sbuType: 0
2020-04-22 13:52:06.751476           2 sendVDO = 00840206
2020-04-22 13:52:06.872055          SWD Latched & enable Dock Channels
2020-04-22 13:52:06.872079          Successfully enteredDC (206)
2020-04-22 13:52:06.872089          Dock Channel Connected
2020-04-22 13:52:06.888062          disable_advdm
2020-04-22 13:52:06.888088          DCP: task #0, file: PIbootInterface.cpp:241: getHpdStatusRequest!2020-04-22 13:52:06.888097          
2020-04-22 13:52:06.888104          2020-04-22 13:52:06.888111          
2020-04-22 13:52:06.893821          DCP: task #0, file: PIbootInterface
2020-04-22 13:52:06.899281          .cpp:241: getHpdStatusRequest!2020-04-22 13:52:06.899304          
2020-04-22 13:52:06.899311          2020-04-22 13:52:06.899318          
2020-04-22 13:52:06.914494          DCP: task #0, file: PIbootInterfa
2020-04-22 13:52:06.916074          ce.cpp:241: getHpdStatusRequest!2020-04-22 13:52:06.916094          
2020-04-22 13:52:06.916102          2020-04-22 13:52:06.916108          
2020-04-22 13:52:06.932310          DCP: task #0, file: PIbootInterfa
2020-04-22 13:52:06.933525          ce.cpp:241: getHpdStatusRequest!2020-04-22 13:52:06.933537          
2020-04-22 13:52:06.933544          2020-04-22 13:52:06.933550          
2020-04-22 13:52:06.945342          DCP: task #0, file: PIbootInterfa
2020-04-22 13:52:06.951423          ce.cpp:241: getHpdStatusRequest!2020-04-22 13:52:06.951442          
2020-04-22 13:52:06.951450          2020-04-22 13:52:06.951456          
2020-04-22 13:52:06.965233          DCP: task #0, file: PIbootInterf
2020-04-22 13:52:06.967491          ace.cpp:241: getHpdStatusRequest!2020-04-22 13:52:06.967515          
2020-04-22 13:52:06.967524          2020-04-22 13:52:06.967530          
2020-04-22 13:52:06.980119          DCP: task #0, file: PIbootInte
2020-04-22 13:52:06.984811          rface.cpp:241: getHpdStatusRequest!2020-04-22 13:52:06.984837          
2020-04-22 13:52:06.984845          2020-04-22 13:52:06.984852          
2020-04-22 13:52:06.996802          DCP: task #0, file: PIbootInt
2020-04-22 13:52:07.002865          erface.cpp:241: getHpdStatusRequest!2020-04-22 13:52:07.002887          
2020-04-22 13:52:07.002896          2020-04-22 13:52:07.002903          
2020-04-22 13:52:07.013933          DCP: task #0, file: PIbootIn
2020-04-22 13:52:07.020194          terface.cpp:241: getHpdStatusRequest!2020-04-22 13:52:07.020237          
2020-04-22 13:52:07.020252          2020-04-22 13:52:07.020263          
2020-04-22 13:52:07.031901          DC
2020-04-22 13:52:07.040285          P: task #0, file: PIbootInterface.cpp:241: getHpdStatusRequest!2020-04-22 13:52:07.040311          
2020-04-22 13:52:07.040318          2020-04-22 13:52:07.040324          
2020-04-22 13:52:07.050835          DCP: task #0, file: PIbootInterface.cpp:241: getHpdStatusRequ
2020-04-22 13:52:07.057284          est!2020-04-22 13:52:07.057309          
2020-04-22 13:52:07.057317          2020-04-22 13:52:07.057323          
2020-04-22 13:52:07.069075          DCP: task #0, file: PIbootInterface.cpp:241: getHpdStatusRe
2020-04-22 13:52:07.073968          quest!2020-04-22 13:52:07.074015          
2020-04-22 13:52:07.074080          2020-04-22 13:52:07.074090          
2020-04-22 13:52:07.079915          DC
2020-04-22 13:52:07.086799          P: task #0, file: PIbootInterface.cpp:241: getHpdStatusRequest!2020-04-22 13:52:07.086826          
2020-04-22 13:52:07.086833          2020-04-22 13:52:07.094103          
2020-04-22 13:52:07.099842          DCP: task #0, file: PIbootInte
2020-04-22 13:52:07.105993          rface.cpp:241: getHpdStatusRequest!2020-04-22 13:52:07.106008          
2020-04-22 13:52:07.106015          2020-04-22 13:52:07.106021          
2020-04-22 13:52:07.118419          DCP: task #0, file: PIbootInterface.cp
2020-04-22 13:52:07.124019          p:241: getHpdStatusRequest!2020-04-22 13:52:07.124033          
2020-04-22 13:52:07.124040          2020-04-22 13:52:07.124046          
2020-04-22 13:52:07.137817          DCP: task #0, file: PIbootInterface.cpp:241: getHpdStatusRequest!2020-04-22 13:52:07.137837          
2020-04-22 13:52:07.137845          2020-04-22 13:52:07.137850          
2020-04-22 13:52:07.150685          DCP: task #0, file: PIb
2020-04-22 13:52:07.156385          ootInterface.cpp:241: getHpdStatusRequest!2020-04-22 13:52:07.156402          
2020-04-22 13:52:07.156409          2020-04-22 13:52:07.156415          
2020-04-22 13:52:07.167503          DCP: task #0, file: PI
2020-04-22 13:52:07.173684          bootInterface.cpp:241: getHpdStatusRequest!2020-04-22 13:52:07.173707          
2020-04-22 13:52:07.173714          2020-04-22 13:52:07.173720          
2020-04-22 13:52:07.185520          DCP: task #0, file: P
2020-04-22 13:52:07.191792          IbootInterface.cpp:241: getHpdStatusRequest!2020-04-22 13:52:07.191811          
2020-04-22 13:52:07.191818          2020-04-22 13:52:07.191824          
2020-04-22 13:52:07.202737          DCP: task #0, file: PIbootInte
2020-04-22 13:52:07.208955          rface.cpp:241: getHpdStatusRequest!2020-04-22 13:52:07.208997          
2020-04-22 13:52:07.209017          2020-04-22 13:52:07.209031          
2020-04-22 13:52:07.220446          DCP: task #0, file: PIbootInterfac
2020-04-22 13:52:07.226544          e.cpp:241: getHpdStatusRequest!2020-04-22 13:52:07.226562          
2020-04-22 13:52:07.226569          2020-04-22 13:52:07.226575          
2020-04-22 13:52:07.237914          DCP: task #0, file: PIbootInterface.cp
2020-04-22 13:52:07.244038          p:241: getHpdStatusRequest!2020-04-22 13:52:07.244056          
2020-04-22 13:52:07.244063          2020-04-22 13:52:07.244069          
2020-04-22 13:52:07.255301          DCP: task #0, file: PIbootInterface.
2020-04-22 13:52:07.260191          cpp:241: getHpdStatusRequest!2020-04-22 13:52:07.260206          
2020-04-22 13:52:07.260213          2020-04-22 13:52:07.260219          
2020-04-22 13:52:07.271488          DCP: task #0, file: PIbootInterf
2020-04-22 13:52:07.277660          ace.cpp:241: getHpdStatusRequest!2020-04-22 13:52:07.277691          
2020-04-22 13:52:07.277729          2020-04-22 13:52:07.277784          
2020-04-22 13:52:07.289217          DCP: task #0, file: PIbootInterface.cp
2020-04-22 13:52:07.296060          p:241: getHpdStatusRequest!2020-04-22 13:52:07.296076          
2020-04-22 13:52:07.296083          2020-04-22 13:52:07.296089          
2020-04-22 13:52:07.306993          DCP: task #0, file: PIbootInterface.cpp:241: g
2020-04-22 13:52:07.312889          etHpdStatusRequest!2020-04-22 13:52:07.312911          
2020-04-22 13:52:07.312918          2020-04-22 13:52:07.312924          
2020-04-22 13:52:07.324619          DCP: task #0, file: PIbootInterface.cpp:241: getHpdSt
2020-04-22 13:52:07.333226          atusRequest!2020-04-22 13:52:07.333256          
2020-04-22 13:52:07.333303          2020-04-22 13:52:07.333343          
2020-04-22 13:52:07.342256          DCP: task #0, file: PIbootInterface.cpp:241: getHpdStatu
2020-04-22 13:52:07.348035          sRequest!2020-04-22 13:52:07.348059          
2020-04-22 13:52:07.348067          2020-04-22 13:52:07.348072          
2020-04-22 13:52:07.359235          DCP: task #0, file: PIbootInterface.cpp:241: getHpdSta
2020-04-22 13:52:07.366119          tusRequest!2020-04-22 13:52:07.366144          
2020-04-22 13:52:07.366151          2020-04-22 13:52:07.366157          
2020-04-22 13:52:07.377380          DCP: task #0, file: PIbootInterface.cpp:241: getHpdStatusReque
2020-04-22 13:52:07.383636          st!2020-04-22 13:52:07.383659          
2020-04-22 13:52:07.383666          2020-04-22 13:52:07.383672          
2020-04-22 13:52:07.389831          DCP: t
2020-04-22 13:52:07.395106          ask #0, file: PIbootInterface.cpp:241: getHpdStatusRequest!2020-04-22 13:52:07.395142          
2020-04-22 13:52:07.395158          2020-04-22 13:52:07.401122          
2020-04-22 13:52:07.407483          DCP: t
2020-04-22 13:52:07.413418          ask #0, file: PIbootInterface.cpp:241: getHpdStatusRequest!2020-04-22 13:52:07.413443          
2020-04-22 13:52:07.413450          2020-04-22 13:52:07.413456          
2020-04-22 13:52:07.425999          DCP: task #0, file: PIb
2020-04-22 13:52:07.431837          ootInterface.cpp:241: getHpdStatusRequest!2020-04-22 13:52:07.431861          
2020-04-22 13:52:07.431868          2020-04-22 13:52:07.431874          
2020-04-22 13:52:07.442515          DCP: task #0, file: 
2020-04-22 13:52:07.449228          PIbootInterface.cpp:241: getHpdStatusRequest!2020-04-22 13:52:07.449244          
2020-04-22 13:52:07.449251          2020-04-22 13:52:07.449257          
2020-04-22 13:52:07.459396          DCP: task #0, file
2020-04-22 13:52:07.465591          : PIbootInterface.cpp:241: getHpdStatusRequest!2020-04-22 13:52:07.465616          
2020-04-22 13:52:07.465623          2020-04-22 13:52:07.465629          
2020-04-22 13:52:07.476834          DCP: task #0, file: 
2020-04-22 13:52:07.483150          PIbootInterface.cpp:241: getHpdStatusRequest!2020-04-22 13:52:07.483174          
2020-04-22 13:52:07.483182          2020-04-22 13:52:07.483188          
2020-04-22 13:52:07.493610          DCP: task #0, fil
2020-04-22 13:52:07.500247          e: PIbootInterface.cpp:241: getHpdStatusRequest!2020-04-22 13:52:07.500279          
2020-04-22 13:52:07.500287          2020-04-22 13:52:07.500293          
2020-04-22 13:52:07.510339          DCP: task #0, fi
2020-04-22 13:52:07.516823          le: PIbootInterface.cpp:241: getHpdStatusReque
2020-04-22 13:52:07.529638          st!2020-04-22 13:52:07.529663          
2020-04-22 13:52:07.529670          2020-04-22 13:52:07.529676          
2020-04-22 13:52:07.535700          DCP: task #0, file: PIbootInterface.cpp:241: getHpdStatusRequest!2020-04-22 13:52:07.535727          
2020-04-22 13:52:07.535734          2020-04-22 13:52:07.535740          
2020-04-22 13:52:07.546956          DCP: task #0, file: PIbootInterface.cp
2020-04-22 13:52:07.553379          p:241: getHpdStatusRequest!2020-04-22 13:52:07.553417          
2020-04-22 13:52:07.553426          2020-04-22 13:52:07.553433          
2020-04-22 13:52:07.564905          DCP: task #0, file: PIbootInterface.cpp:24
2020-04-22 13:52:07.571140          1: getHpdStatusRequest!2020-04-22 13:52:07.571164          
2020-04-22 13:52:07.571171          2020-04-22 13:52:07.571178          
2020-04-22 13:52:07.582323          DCP: task #0, file: PIbootInterface.cpp:24
2020-04-22 13:52:07.588957          1: getHpdStatusRequest!2020-04-22 13:52:07.588983          
2020-04-22 13:52:07.588990          2020-04-22 13:52:07.588996          
2020-04-22 13:52:07.596568          DCP: ta
2020-04-22 13:52:07.601465          sk #0, file: PIbootInterface.cpp:241: getHpdStatusRequest!2020-04-22 13:52:07.601505          
2020-04-22 13:52:07.601514          2020-04-22 13:52:07.601520          
2020-04-22 13:52:07.613019          DCP
2020-04-22 13:52:07.619400          : task #0, file: PIbootInterface.cpp:241: getHpdStatusRequest!
2020-04-22 13:52:07.624092          
2020-04-22 13:52:07.624118          2020-04-22 13:52:07.624125          
2020-04-22 13:52:07.630376          DCP: ta
2020-04-22 13:52:07.636223          sk #0, file: PIbootInterface.cpp:241: getHpdStatusRequest!2020-04-22 13:52:07.636248          
2020-04-22 13:52:07.636256          2020-04-22 13:52:07.636262          
2020-04-22 13:52:07.648136          DCP: task #0, 
2020-04-22 13:52:07.654727          file: PIbootInterface.cpp:241: getHpdStatusRequest!2020-04-22 13:52:07.654752          
2020-04-22 13:52:07.654759          2020-04-22 13:52:07.654765          
2020-04-22 13:52:07.666398          DCP: task #0, file: PIbo
2020-04-22 13:52:07.672855          otInterface.cpp:241: getHpdStatusRequest!2020-04-22 13:52:07.672880          
2020-04-22 13:52:07.672887          2020-04-22 13:52:07.672893          
2020-04-22 13:52:07.685152          DCP: task #0, file: PIbootInterf
2020-04-22 13:52:07.690001          ace.cpp:241: getHpdStatusRequest!2020-04-22 13:52:07.690026          
2020-04-22 13:52:07.690033          2020-04-22 13:52:07.690039          
2020-04-22 13:52:07.701336          DCP: task #0, file: PIbootInte
2020-04-22 13:52:07.707110          rface.cpp:241: getHpdStatusRequest!2020-04-22 13:52:07.707131          
2020-04-22 13:52:07.707139          2020-04-22 13:52:07.707145          
2020-04-22 13:52:07.718893          DCP: task #0, file: PIbootInte
2020-04-22 13:52:07.724332          rface.cpp:241: getHpdStatusRequest!2020-04-22 13:52:07.724357          
2020-04-22 13:52:07.724365          2020-04-22 13:52:07.724371          
2020-04-22 13:52:07.736148          DCP: task #0, file: PIbootInt
2020-04-22 13:52:07.741643          erface.cpp:241: getHpdStatusRequest!2020-04-22 13:52:07.741668          
2020-04-22 13:52:07.741675          2020-04-22 13:52:07.741681          
2020-04-22 13:52:07.753352          DCP: task #0, file: PIbootI
2020-04-22 13:52:07.760177          nterface.cpp:241: getHpdStatusRequest!2020-04-22 13:52:07.760206          
2020-04-22 13:52:07.760215          2020-04-22 13:52:07.760222          
2020-04-22 13:52:07.771501          DCP: task #0, file: P
2020-04-22 13:52:07.777119          IbootInterface.cpp:241: getHpdStatusRequest!2020-04-22 13:52:07.777144          
2020-04-22 13:52:07.777152          2020-04-22 13:52:07.777159          
2020-04-22 13:52:07.788686          DCP: task #0, file: PIbootInterface.cpp:24
2020-04-22 13:52:07.794766          1: getHpdStatusRequest!2020-04-22 13:52:07.794779          
2020-04-22 13:52:07.794786          2020-04-22 13:52:07.794792          
2020-04-22 13:52:07.805984          DCP: task #0, file: PIbootInterface.cpp:241
2020-04-22 13:52:07.812031          : getHpdStatusRequest!2020-04-22 13:52:07.812052          
2020-04-22 13:52:07.812059          2020-04-22 13:52:07.812065          
2020-04-22 13:52:07.823395          DCP: task #0, file: PIbootInterface.cpp:241:
2020-04-22 13:52:07.828899           getHpdStatusRequest!2020-04-22 13:52:07.828914          
2020-04-22 13:52:07.828921          2020-04-22 13:52:07.828927          
2020-04-22 13:52:07.840015          DCP: task #0, file: PIbootInterface.cpp:24
2020-04-22 13:52:07.846109          1: getHpdStatusRequest!2020-04-22 13:52:07.846134          
2020-04-22 13:52:07.846141          2020-04-22 13:52:07.846147          
2020-04-22 13:52:07.857592          DCP: task #0, file: PIbootInterface.cpp:24
2020-04-22 13:52:07.863495          1: getHpdStatusRequest!2020-04-22 13:52:07.863515          
2020-04-22 13:52:07.863522          2020-04-22 13:52:07.863528          
2020-04-22 13:52:07.874335          DCP: task #0, file: PIbootInterface.cpp:2
2020-04-22 13:52:07.881220          41: getHpdStatusRequest!2020-04-22 13:52:07.881240          
2020-04-22 13:52:07.881248          2020-04-22 13:52:07.881267          
2020-04-22 13:52:07.891665          DCP: task #0, file: PIbootInterface.cpp:241
2020-04-22 13:52:07.898293          : getHpdStatusRequest!2020-04-22 13:52:07.898318          
2020-04-22 13:52:07.898326          2020-04-22 13:52:07.898331          
2020-04-22 13:52:07.909034          DCP: task #0, file: PIbootInterface.cpp:24
2020-04-22 13:52:07.914114          1: getHpdStatusRequest!2020-04-22 13:52:07.914141          
2020-04-22 13:52:07.914148          2020-04-22 13:52:07.914154          
2020-04-22 13:52:07.926181          DCP: task #0, file: PIbootInterface.cpp:2
2020-04-22 13:52:07.932240          41: getHpdStatusRequest!2020-04-22 13:52:07.932267          
2020-04-22 13:52:07.932275          2020-04-22 13:52:07.932282          
2020-04-22 13:52:07.943074          DCP: task #0, file: PIbootInterface.cpp:2
2020-04-22 13:52:07.949124          41: getHpdStatusRequest!2020-04-22 13:52:07.949149          
2020-04-22 13:52:07.949156          2020-04-22 13:52:07.949162          
2020-04-22 13:52:07.960291          DCP: task #0, file: PIbootInterface.cpp:
2020-04-22 13:52:07.965210          241: getHpdStatusRequest!2020-04-22 13:52:07.965235          
2020-04-22 13:52:07.965242          2020-04-22 13:52:07.965248          
2020-04-22 13:52:07.976982          DCP: task #0, file: PIbootInterface.c
2020-04-22 13:52:07.983582          pp:241: getHpdStatusRequest!2020-04-22 13:52:07.983609          
2020-04-22 13:52:07.983616          2020-04-22 13:52:07.983622          
2020-04-22 13:52:07.995046          DCP: task #0, file: PIbootInterface.c
2020-04-22 13:52:08.000584          pp:241: getHpdStatusRequest!2020-04-22 13:52:08.000611          
2020-04-22 13:52:08.000618          2020-04-22 13:52:08.000624          
2020-04-22 13:52:08.011339          DCP: task #0, file: PIbootInterface
2020-04-22 13:52:08.016961          .cpp:241: getHpd
2020-04-22 13:52:08.028731          StatusRequest!2020-04-22 13:52:08.028755          
2020-04-22 13:52:08.028763          2020-04-22 13:52:08.028769          
2020-04-22 13:52:08.034265          DCP: task #0, file: PIbootInterface.cpp:241: getHpdStatusRequest!2020-04-22 13:52:08.034291          
2020-04-22 13:52:08.034298          2020-04-22 13:52:08.034304          
2020-04-22 13:52:08.044920          DCP: task #0, file: PIbootInte
2020-04-22 13:52:08.051434          rface.cpp:241: getHpdStatusRequest!2020-04-22 13:52:08.051458          
2020-04-22 13:52:08.051466          2020-04-22 13:52:08.051472          
2020-04-22 13:52:08.061367          DCP: task #0, file: PIbootIn
2020-04-22 13:52:08.067940          terface.cpp:241: getHpdStatusRequest!2020-04-22 13:52:08.067965          
2020-04-22 13:52:08.067972          2020-04-22 13:52:08.067978          
2020-04-22 13:52:08.078955          DCP: task #0, file: PIboo
2020-04-22 13:52:08.084707          tInterface.cpp:241: getHpdStatusRequest!2020-04-22 13:52:08.084732          
2020-04-22 13:52:08.084739          2020-04-22 13:52:08.084745          
2020-04-22 13:52:08.097128          DCP: task #0, file: PIbo
2020-04-22 13:52:08.101344          otInterface.cpp:241: getHpdStatusRequest!2020-04-22 13:52:08.101369          
2020-04-22 13:52:08.101376          2020-04-22 13:52:08.101382          
2020-04-22 13:52:08.113788          DCP: task #0, file: PIb
2020-04-22 13:52:08.118474          ootInterface.cpp:241: getHpdStatusRequest!2020-04-22 13:52:08.118485          
2020-04-22 13:52:08.118492          2020-04-22 13:52:08.118497          
2020-04-22 13:52:08.131191          DCP: task #0, file: PIbo
2020-04-22 13:52:08.136736          otInterface.cpp:241: getHpdStatusRequest!2020-04-22 13:52:08.136762          
2020-04-22 13:52:08.136769          2020-04-22 13:52:08.136775          
2020-04-22 13:52:08.148839          DCP: task #0, file: PIboo
2020-04-22 13:52:08.153655          tInterface.cpp:241: getHpdStatusRequest!2020-04-22 13:52:08.153681          
2020-04-22 13:52:08.153689          2020-04-22 13:52:08.153695          
2020-04-22 13:52:08.164797          DCP: task #0, file: PIbo
2020-04-22 13:52:08.170932          otInterface.cpp:241: getHpdStatusRequest!2020-04-22 13:52:08.170956          
2020-04-22 13:52:08.170964          2020-04-22 13:52:08.170970          
2020-04-22 13:52:08.182739          DCP: task #0, file: P
2020-04-22 13:52:08.187506          IbootInterface.cpp:241: getHpdStatusRequest!2020-04-22 13:52:08.187530          
2020-04-22 13:52:08.187538          2020-04-22 13:52:08.187544          
2020-04-22 13:52:08.199010          DCP: task #0, file: 
2020-04-22 13:52:08.205601          PIbootInterface.cpp:241: getHpdStatusRequest!2020-04-22 13:52:08.205627          
2020-04-22 13:52:08.205634          2020-04-22 13:52:08.205640          
2020-04-22 13:52:08.215926          DCP: task #0, file
2020-04-22 13:52:08.221184          : PIbootInterface.cpp:241: getHpdStatusRequest!2020-04-22 13:52:08.221208          
2020-04-22 13:52:08.221215          2020-04-22 13:52:08.221221          
2020-04-22 13:52:08.232612          DCP: task #0, fil
2020-04-22 13:52:08.239211          e: PIbootInterface.cpp:241: getHpdStatusRequest!2020-04-22 13:52:08.239237          
2020-04-22 13:52:08.239244          2020-04-22 13:52:08.239250          
2020-04-22 13:52:08.250809          DCP: task #0, fi
2020-04-22 13:52:08.256254          le: PIbootInterface.cpp:241: getHpdStatusRequest!2020-04-22 13:52:08.256280          
2020-04-22 13:52:08.256287          2020-04-22 13:52:08.256293          
2020-04-22 13:52:08.266867          DCP: task 
2020-04-22 13:52:08.272869          #0, file: PIbootInterface.cpp:241: getHpdStatusRequest!2020-04-22 13:52:08.272894          
2020-04-22 13:52:08.272900          2020-04-22 13:52:08.272906          
2020-04-22 13:52:08.284311          DCP: task #0
2020-04-22 13:52:08.290094          , file: PIbootInterface.cpp:241: getHpdStatusRequest!2020-04-22 13:52:08.290119          
2020-04-22 13:52:08.290127          2020-04-22 13:52:08.290133          
2020-04-22 13:52:08.300599          DCP: task 
2020-04-22 13:52:08.307328          #0, file: PIbootInterface.cpp:241: getHpdStatusRequest!2020-04-22 13:52:08.307353          
2020-04-22 13:52:08.307360          2020-04-22 13:52:08.307366          
2020-04-22 13:52:08.318157          DCP: task #0, 
2020-04-22 13:52:08.324997          file: PIbootInterface.cpp:241: getHpdStatusRequest!2020-04-22 13:52:08.325022          
2020-04-22 13:52:08.325029          2020-04-22 13:52:08.325035          
2020-04-22 13:52:08.335932          DCP: task #0, 
2020-04-22 13:52:08.341235          file: PIbootInterface.cpp:241: getHpdStatusRequest!2020-04-22 13:52:08.341301          
2020-04-22 13:52:08.341324          2020-04-22 13:52:08.341333          
2020-04-22 13:52:08.352354          DCP: task #0,
2020-04-22 13:52:08.358651           file: PIbootInterface.cpp:241: getHpdStatusRequest!2020-04-22 13:52:08.358696          
2020-04-22 13:52:08.358710          2020-04-22 13:52:08.358716          
2020-04-22 13:52:08.370837          DCP: task #0
2020-04-22 13:52:08.376017          , file: PIbootInterface.cpp:241: getHpdStatusRequest!2020-04-22 13:52:08.376044          
2020-04-22 13:52:08.376051          2020-04-22 13:52:08.376057          
2020-04-22 13:52:08.386517          DCP: task 
2020-04-22 13:52:08.392599          #0, file: PIbootInterface.cpp:241: getHpdStatusRequest!2020-04-22 13:52:08.392626          
2020-04-22 13:52:08.392633          2020-04-22 13:52:08.392639          
2020-04-22 13:52:08.404400          DCP: task
2020-04-22 13:52:08.409582           #0, file: PIbootInterface.cpp:241: getHpdStatusRequest!2020-04-22 13:52:08.409607          
2020-04-22 13:52:08.409614          2020-04-22 13:52:08.409620          
2020-04-22 13:52:08.421569          DCP: tas
2020-04-22 13:52:08.427021          k #0, file: PIbootInterface.cpp:241: getHpdStatusRequest!2020-04-22 13:52:08.427045          
2020-04-22 13:52:08.427053          2020-04-22 13:52:08.427059          
2020-04-22 13:52:08.439587          DCP: task #0, file: P
2020-04-22 13:52:08.444911          IbootInterface.cpp:241: getHpdStatusRequest!2020-04-22 13:52:08.444952          
2020-04-22 13:52:08.444970          2020-04-22 13:52:08.444976          
2020-04-22 13:52:08.456445          DCP: task #0, file: 
2020-04-22 13:52:08.461949          PIbootInterface.cpp:241: getHpdStatusRequest!2020-04-22 13:52:08.461973          
2020-04-22 13:52:08.461981          2020-04-22 13:52:08.461987          
2020-04-22 13:52:08.473726          DCP: task #0, fil
2020-04-22 13:52:08.478767          e: PIbootInterface.cpp:241: getHpdStatusRequest!2020-04-22 13:52:08.478793          
2020-04-22 13:52:08.478801          2020-04-22 13:52:08.478807          
2020-04-22 13:52:08.489756          DCP: task #0, fi
2020-04-22 13:52:08.497261          le: PIbootInterface.cpp:241: getHpdStatusRequest!2020-04-22 13:52:08.497288          
2020-04-22 13:52:08.497296          2020-04-22 13:52:08.497301          
2020-04-22 13:52:08.508258          DCP: task #0,
2020-04-22 13:52:08.513525           file: PIbootInterface.cpp:
2020-04-22 13:52:08.524200          241: getHpdStatusRequest!2020-04-22 13:52:08.524224          
2020-04-22 13:52:08.524232          2020-04-22 13:52:08.524238          
2020-04-22 13:52:08.529939          DCP: task #0, file: PIbootInterface.cpp:241: getHpdStatusRequest!2020-04-22 13:52:08.529964          
2020-04-22 13:52:08.529971          2020-04-22 13:52:08.529977          
2020-04-22 13:52:08.544209          DCP: task
2020-04-22 13:52:08.548663           #0, file: PIbootInterface.cpp:241: getHpdStatusRequest!2020-04-22 13:52:08.548688          
2020-04-22 13:52:08.548694          2020-04-22 13:52:08.548700          
2020-04-22 13:52:08.559849          DCP: task #0, fil
2020-04-22 13:52:08.566453          e: PIbootInterface.cpp:241: getHpdStatusRequest!2020-04-22 13:52:08.566479          
2020-04-22 13:52:08.566486          2020-04-22 13:52:08.566492          
2020-04-22 13:52:08.576996          DCP: task #0, file: PI
2020-04-22 13:52:08.582526          bootInterface.cpp:241: getHpdStatusRequest!2020-04-22 13:52:08.582551          
2020-04-22 13:52:08.582558          2020-04-22 13:52:08.582564          
2020-04-22 13:52:08.594781          DCP: task #0, file: P
2020-04-22 13:52:08.600310          IbootInterface.cpp:241: getHpdStatusRequest!2020-04-22 13:52:08.600337          
2020-04-22 13:52:08.600344          2020-04-22 13:52:08.600350          
2020-04-22 13:52:08.611635          DCP: task #0, file: P
2020-04-22 13:52:08.617335          IbootInterface.cpp:241: getHpdStatusRequest!2020-04-22 13:52:08.617362          
2020-04-22 13:52:08.617369          2020-04-22 13:52:08.617375          
2020-04-22 13:52:08.627784          DCP: task #0, file: 
2020-04-22 13:52:08.634286          PIbootInterface.cpp:241: getHpdStatusRequest!2020-04-22 13:52:08.634311          
2020-04-22 13:52:08.634319          2020-04-22 13:52:08.634325          
2020-04-22 13:52:08.646329          DCP: task #0, fil
2020-04-22 13:52:08.654543          e: PIbootInterface.cpp:241: getHpdStatusRequest!2020-04-22 13:52:08.654569          
2020-04-22 13:52:08.654576          2020-04-22 13:52:08.654582          
2020-04-22 13:52:08.665975          DCP: task #0, file: PIbootInterface.cpp:241: getHpdStatusR
2020-04-22 13:52:08.673186          equest!2020-04-22 13:52:08.673210          
2020-04-22 13:52:08.673217          2020-04-22 13:52:08.673223          
2020-04-22 13:52:08.683713          DCP: task #0, file: PIbootInterface.cpp:241: getHpdStatusRequ
2020-04-22 13:52:08.689580          est!2020-04-22 13:52:08.689605          
2020-04-22 13:52:08.689612          2020-04-22 13:52:08.689618          
2020-04-22 13:52:08.701321          DCP: task #0, file: PIbootInterface.cpp:241: getHpdStatusRequ
2020-04-22 13:52:08.707446          est!2020-04-22 13:52:08.707471          
2020-04-22 13:52:08.707479          2020-04-22 13:52:08.707484          
2020-04-22 13:52:08.718795          DCP: task #0, file: PIbootInterface.cpp:241: getHpdStatusRequ
2020-04-22 13:52:08.724665          est!2020-04-22 13:52:08.724705          
2020-04-22 13:52:08.724714          2020-04-22 13:52:08.724720          
2020-04-22 13:52:08.735278          DCP: task #0, file: PIbootInterface.cpp:241: getHpdStatusRe
2020-04-22 13:52:08.740495          quest!2020-04-22 13:52:08.740520          
2020-04-22 13:52:08.740527          2020-04-22 13:52:08.740533          
2020-04-22 13:52:08.752446          DCP: task #0, file: PIbootInterface.cpp:241: getHpdStatus
2020-04-22 13:52:08.757953          Request!2020-04-22 13:52:08.757978          
2020-04-22 13:52:08.757986          2020-04-22 13:52:08.757992          2020-04-22 13:52:08.769288          
2020-04-22 13:52:08.775627          DCP: task #0, file: PIbootInterface.cpp:241: getHpdStatusRequest!2020-04-22 13:52:08.775662          
2020-04-22 13:52:08.775671          2020-04-22 13:52:08.775678          
2020-04-22 13:52:08.786752          DCP: task #0, file: PIbootInterface.cpp:241: getHpdS
2020-04-22 13:52:08.791589          tatusRequest!2020-04-22 13:52:08.791654          
2020-04-22 13:52:08.791687          2020-04-22 13:52:08.791696          
2020-04-22 13:52:08.802473          DCP: task #0, file: PIbootInterface.cpp:241: getH
2020-04-22 13:52:08.809299          pdStatusRequest!2020-04-22 13:52:08.809329          
2020-04-22 13:52:08.809338          2020-04-22 13:52:08.809344          
2020-04-22 13:52:08.816834          DCP: ta
2020-04-22 13:52:08.821627          sk #0, file: PIbootInterface.cpp:241: getHpdStatusRequest!2020-04-22 13:52:08.821651          
2020-04-22 13:52:08.821659          2020-04-22 13:52:08.821666          
2020-04-22 13:52:08.833140          DCP: 
2020-04-22 13:52:08.840055          task #0, file: PIbootInterface.cpp:241: getHpdStatusRequest!2020-04-22 13:52:08.840081          
2020-04-22 13:52:08.840089          2020-04-22 13:52:08.844766          
2020-04-22 13:52:08.849491          DCP
2020-04-22 13:52:08.855688          : task #0, file: PIbootInterface.cpp:241: getHpdStatusRequest!
2020-04-22 13:52:08.861895          
2020-04-22 13:52:08.861920          2020-04-22 13:52:08.861929          
2020-04-22 13:52:08.867753          DCP
2020-04-22 13:52:08.873355          : task #0, file: PIbootInterface.cpp:241: getHpdStatusRequest!
2020-04-22 13:52:08.878978          
2020-04-22 13:52:08.879005          2020-04-22 13:52:08.879013          
2020-04-22 13:52:08.885028          DCP:
2020-04-22 13:52:08.890974           task #0, file: PIbootInterface.cpp:241: getHpdStatusRequest!
2020-04-22 13:52:08.896489          
2020-04-22 13:52:08.896507          2020-04-22 13:52:08.896514          
2020-04-22 13:52:08.902235          DCP: t
2020-04-22 13:52:08.908148          ask #0, file: PIbootInterface.cpp:241: getHpdStatusRequest!2020-04-22 13:52:08.908172          
2020-04-22 13:52:08.908180          2020-04-22 13:52:08.908187          
2020-04-22 13:52:08.919266          DCP: 
2020-04-22 13:52:08.924567          task #0, file: PIbootInterface.cpp:241: getHpdStatusRequest!2020-04-22 13:52:08.924592          
2020-04-22 13:52:08.924600          2020-04-22 13:52:08.930161          
2020-04-22 13:52:08.936275          DCP: 
2020-04-22 13:52:08.942238          task #0, file: PIbootInterface.cpp:241: getHpdStatusRequest!2020-04-22 13:52:08.942268          
2020-04-22 13:52:08.942278          2020-04-22 13:52:08.947866          
2020-04-22 13:52:08.953474          DCP:
2020-04-22 13:52:08.959077           task #0, file: PIbootInterface.cpp:241: getHpdStatusRequest!
2020-04-22 13:52:08.965382          
2020-04-22 13:52:08.965410          2020-04-22 13:52:08.965423          
2020-04-22 13:52:08.970105          DCP
2020-04-22 13:52:08.976833          : task #0, file: PIbootInterface.cpp:241: getHpdStatusRequest!
2020-04-22 13:52:08.982189          
2020-04-22 13:52:08.982217          2020-04-22 13:52:08.982225          
2020-04-22 13:52:08.988328          DCP: tas
2020-04-22 13:52:08.994108          k #0, file: PIbootInterface.cpp:241: getHpdStatusRequest!2020-04-22 13:52:08.994148          
2020-04-22 13:52:08.994164          2020-04-22 13:52:08.994198          
2020-04-22 13:52:09.004717          DCP: 
2020-04-22 13:52:09.011503          task #0, file: PIbootInt
2020-04-22 13:52:09.016543          erface.cpp:241: getHpdStatusRequest!2020-04-22 13:52:09.016570          
2020-04-22 13:52:09.016577          2020-04-22 13:52:09.016583          
2020-04-22 13:52:09.022107          DCP
2020-04-22 13:52:09.028707          : task #0, file: PIbootInterface.cpp:241: getHpdStatusRequest!
2020-04-22 13:52:09.033871          
2020-04-22 13:52:09.033895          2020-04-22 13:52:09.033902          
2020-04-22 13:52:09.039383          DCP:
2020-04-22 13:52:09.046134           task #0, file: PIbootInterface.cpp:241: getHpdStatusRequest!2020-04-22 13:52:09.046158          
2020-04-22 13:52:09.051634          2020-04-22 13:52:09.051665          
2020-04-22 13:52:09.056417          DCP
2020-04-22 13:52:09.062859          : task #0, file: PIbootInterface.cpp:241: getHpdStatusRequest!
2020-04-22 13:52:09.068179          
2020-04-22 13:52:09.068215          2020-04-22 13:52:09.068257          
2020-04-22 13:52:09.074049          DCP
2020-04-22 13:52:09.079212          : task #0, file: PIbootInterface.cpp:241: getHpdStatusRequest!
2020-04-22 13:52:09.085332          
2020-04-22 13:52:09.085356          2020-04-22 13:52:09.085364          
2020-04-22 13:52:09.091482          DCP:
2020-04-22 13:52:09.096444           task #0, file: PIbootInterface.cpp:241: getHpdStatusRequest!
2020-04-22 13:52:09.102049          
2020-04-22 13:52:09.102090          2020-04-22 13:52:09.102102          
2020-04-22 13:52:09.108127          DCP: t
2020-04-22 13:52:09.114341          ask #0, file: PIbootInterface.cpp:241: getHpdStatusRequest!2020-04-22 13:52:09.114372          
2020-04-22 13:52:09.114393          2020-04-22 13:52:09.114402          
2020-04-22 13:52:09.126700          DCP: 
2020-04-22 13:52:09.132572          task #0, file: PIbootInterface.cpp:241: getHpdStatusRequest!2020-04-22 13:52:09.132599          
2020-04-22 13:52:09.132608          2020-04-22 13:52:09.132614          
2020-04-22 13:52:09.142503          DCP: task
2020-04-22 13:52:09.148849           #0, file: PIbootInterface.cpp:241: getHpdStatusRequest!2020-04-22 13:52:09.148880          
2020-04-22 13:52:09.148888          2020-04-22 13:52:09.148895          
2020-04-22 13:52:09.160211          DCP: task
2020-04-22 13:52:09.166472           #0, file: PIbootInterface.cpp:241: getHpdStatusRequest!2020-04-22 13:52:09.166498          
2020-04-22 13:52:09.166506          2020-04-22 13:52:09.166512          
2020-04-22 13:52:09.177300          DCP: tas
2020-04-22 13:52:09.182550          k #0, file: PIbootInterface.cpp:241: getHpdStatusRequest!2020-04-22 13:52:09.182575          
2020-04-22 13:52:09.182582          2020-04-22 13:52:09.182588          
2020-04-22 13:52:09.193914          DCP:
2020-04-22 13:52:09.200681           task #0, file: PIbootInterface.cpp:241: getHpdStatusRequest!
2020-04-22 13:52:09.205883          
2020-04-22 13:52:09.205907          2020-04-22 13:52:09.205914          
2020-04-22 13:52:09.211083          DCP: 
2020-04-22 13:52:09.217504          task #0, file: PIbootInterface.cpp:241: getHpdStatusRequest!2020-04-22 13:52:09.217528          
2020-04-22 13:52:09.217536          2020-04-22 13:52:09.222261          
2020-04-22 13:52:09.228427          DCP
2020-04-22 13:52:09.233890          : task #0, file: PIbootInterface.cpp:241: getHpdStatusRequest!
2020-04-22 13:52:09.240754          
2020-04-22 13:52:09.240779          2020-04-22 13:52:09.240786          
2020-04-22 13:52:09.246295          DC
2020-04-22 13:52:09.251163          P: task #0, file: PIbootInterface.cpp:241: getHpdStatusRe
2020-04-22 13:52:09.257478          quest!2020-04-22 13:52:09.257504          
2020-04-22 13:52:09.257512          2020-04-22 13:52:09.257517          
2020-04-22 13:52:09.262836          DCP:
2020-04-22 13:52:09.269154           task #0, file: PIbootInterface.cpp:241: getHpdStatusRequest!
2020-04-22 13:52:09.274677          
2020-04-22 13:52:09.274716          2020-04-22 13:52:09.274725          
2020-04-22 13:52:09.279759          DCP: 
2020-04-22 13:52:09.286595          task #0, file: PIbootInterface.cpp:241: getHpdStatusRequest!2020-04-22 13:52:09.286621          
2020-04-22 13:52:09.286628          2020-04-22 13:52:09.291829          
2020-04-22 13:52:09.296812          DCP:
2020-04-22 13:52:09.303700           task #0, file: PIbootInterface.cpp:241: getHpdStatusRequest!
2020-04-22 13:52:09.309312          
2020-04-22 13:52:09.309338          2020-04-22 13:52:09.309346          
2020-04-22 13:52:09.314545          DCP:
2020-04-22 13:52:09.321054           task #0, file: PIbootInterface.cpp:241: getHpdStatusRequest!
2020-04-22 13:52:09.326149          
2020-04-22 13:52:09.326176          2020-04-22 13:52:09.326184          
2020-04-22 13:52:09.332238          DCP:
2020-04-22 13:52:09.338829           task #0, file: PIbootInterface.cpp:241: getHpdStatusRequest!
2020-04-22 13:52:09.343380          
2020-04-22 13:52:09.343405          2020-04-22 13:52:09.343412          
2020-04-22 13:52:09.349907          DCP: t
2020-04-22 13:52:09.354980          ask #0, file: PIbootInterface.cpp:241: getHpdStatusRequest!2020-04-22 13:52:09.355004          
2020-04-22 13:52:09.355011          2020-04-22 13:52:09.361092          
2020-04-22 13:52:09.366769          DCP: 
2020-04-22 13:52:09.372625          task #0, file: PIbootInterface.cpp:241: getHpdStatusRequest!2020-04-22 13:52:09.372650          
2020-04-22 13:52:09.372657          2020-04-22 13:52:09.377640          
2020-04-22 13:52:09.382718          DCP:
2020-04-22 13:52:09.389070           task #0, file: PIbootInterface.cpp:241: getHpdStatusRequest!
2020-04-22 13:52:09.395415          
2020-04-22 13:52:09.395440          2020-04-22 13:52:09.395447          
2020-04-22 13:52:09.400723          DCP: 
2020-04-22 13:52:09.405870          task #0, file: PIbootInterface.cpp:241: getHpdStatusRequest!2020-04-22 13:52:09.405894          
2020-04-22 13:52:09.405901          2020-04-22 13:52:09.412648          
2020-04-22 13:52:09.418194          DCP
2020-04-22 13:52:09.423436          : task #0, file: PIbootInterface.cpp:241: getHpdStatusRequest!
2020-04-22 13:52:09.428685          
2020-04-22 13:52:09.428713          2020-04-22 13:52:09.428721          
2020-04-22 13:52:09.434424          DCP
2020-04-22 13:52:09.440965          : task #0, file: PIbootInterface.cpp:241: getHpdStatusRequest!
2020-04-22 13:52:09.446012          
2020-04-22 13:52:09.446038          2020-04-22 13:52:09.446046          
2020-04-22 13:52:09.452126          DCP:
2020-04-22 13:52:09.457387           task #0, file: PIbootInterface.cpp:241: getHpdStatusRequest!
2020-04-22 13:52:09.463602          
2020-04-22 13:52:09.463626          2020-04-22 13:52:09.463633          
2020-04-22 13:52:09.469954          DCP:
2020-04-22 13:52:09.475137           task #0, file: PIbootInterface.cpp:241: getHpdStatusRequest!
2020-04-22 13:52:09.481257          
2020-04-22 13:52:09.481279          2020-04-22 13:52:09.481286          
